2022_06_04_15_14_07.h5
Accuracy:  0.9981197629266298
Precision:  0.9975255972696245
Recall:  0.998548001366587
F-Score:  0.9980365374765238
Corrected:  48838
Falsed:  92