Accuracy:  0.9725935009196812
Precision:  0.9751279863481229
Recall:  0.9679017573576116
F-Score:  0.9715014344915525
Corrected:  47589
Falsed:  1341